
                0000000000000000000000000000000000000000000000000000000000000000000000000000    
                0000000000000000000000000000000000000000000000000000000000000000000000000000    
                0000000000000000000000000000000000000000000000000000000000000000000000000000    
                0000000000000000000000000000000000000000000000000000000000000000000000000000    
                0000000000000000000000000000000000000000000000000000000000000000000000000000    
                0000000000000000000000000000000000000000000000000000000000000000000000000000    
                0000000000000000000000000000000000000000000000000000000000000000000000000000    
                0000000000000000000000010010010010010010010010010010010000000000000000000000
                0000000000000000000001111111111111111111111111111111111100000000000000000000
                0000000000000000000010000000000000000000000000000000000010000000000000000000
                0000000000000000000001111111111111111111111111111111111100000000000000000000
                0000000000000000000000000000000000000000000000000000000000000000000000000000
                0000000000000000000001111111111111111111111111111111111100000000000000000000
                0000000000000000000010000000000000000000000000000000000010000000000000000000
                0000000000000000000001111111111111111111111111111111111100000000000000000000
                0000000000000000000000000000000000000000000000000000000000000000000000000000
                0000000000000000000001111111111111111111111111111111111100000000000000000000
                0000000000000000000010000000000000000000000000000000000010000000000000000000
                0000000000000000000001111111111111111111111111111111111100000000000000000000
                0000000000000000000000000000000000000000000000000000000000000000000000000000
                0000000000000000000001111111111111111111111111111111111100000000000000000000
                0000000000000000000010000000000000000000000000000000000010000000000000000000
                0000000000000000000001111111111111111100111111111111111100000000000000000000
                0000000000000000000000000000000000000000000000000000000000000000000000000000
                0000000000000000000001111111111111110000001111111111111100000000000000000000
                0000000000000000000010000000000000001000010000000000000010000000000000000000
                0000000000000000000001111111111111111000011111111111111100000000000000000000
                0000000000000000000000000000000000000000000000000000000000000000000000000000
                0000000000000000000001111111111111000111100011111111111100000000000000000000
                0000000000000000000010000000000000000011000000000000000010000000000000000000
                0000000000000000000001111111111110000000000001111111111100000000000000000000
                0000000000000000000000000000000001000000000010000000000000000000000000000000
                0000000000000000000001111111111111100000000111111111111100000000000000000000
                0000000000000000000010000000000000010000001000000000000010000000000000000000
                0000000000000000000001111111111111110000001111111111111100000000000000000000
                0000000000000000000000000000001100001000010000110000000000000000000000000000
                0000000000000000000001111111000000111100111100000011111100000000000000000000
                0000000000000000000010000000100011000100100011000100000010000000000000000000
                0000000000000000000001111111000000000100100000000011111100000000000000000000
                0000000000000000000000000000010000010000001000001000000000000000000000000000
                0000000000000000000001111111110000001000010000001111111100000000000000000000
                0000000000000000000010000000001000011011011000010000000010000000000000000000
                0000000000000000000001111111111100001000010000111111111100000000000000000000
                0000000000000000000000000000000011000011000011000000000000000000000000000000
                0000000000000000000001111111001110100100100101110011111100000000000000000000
                0000000000000000000010000000000000011100111000000000000010000000000000000000
                0000000000000000000001111100000011101000010111000000111100000000000000000000
                0000000000000000000000000010000100000000000000100001000000000000000000000000
                0000000000000000000001111110000000010000001000000001111100000000000000000000
                0000000000000000000010000001000110010011001001100010000010000000000000000000
                0000000000000000000001111111100000101100110100000111111100000000000000000000
                0000000000000000000000000000010010110000001101001000000000000000000000000000
                0000000000000000000001111111110001100000000110001111111100000000000000000000
                0000000000000000000010000000000100000000000000100000000010000000000000000000
                0000000000000000000001111111111111111000011111111111111100000000000000000000
                0000000000000000000000000000000000000111100000000000000000000000000000000000
                0000000000000000000001111111111111111100111111111111111100000000000000000000
                0000000000000000000010000000000000000000000000000000000010000000000000000000
                0000000000000000000001111111111111111111111111111111111100000000000000000000
                0000000000000000000000010010010010010010010010010010010000000000000000000000
                0000000000000000000000000000000000000000000000000000000000000000000000000000
                0000000000000000000000000000000000000000000000000000000000000000000000000000    
                0000000000000000000000000000000000000000000000000000000000000000000000000000    
                0000000000000000000000000000000000000000000000000000000000000000000000000000    
                0000000000000000000000000000000000000000000000000000000000000000000000000000    
                0000000000000000000000000000000000000000000000000000000000000000000000000000    
                0000000000000000000000000000000000000000000000000000000000000000000000000000    
