0000000000000000000000000000000000000
0000000000000000001000000000000000000
0000000000000000010100000000000000000
0000000000000000101010000000000000000
0000000000000000100010000000000000000
0000000000000011001001100000000000000
0000000000000100001000010000000000000
0000000000001010110110101000000000000
0000000000000100001000010000000000000
0000000000000011001001100000000000000
0000000000000000100010000000000000000
0000000000000000101010000000000000000
0000000000000000010100000000000000000
0000000000000000001000000000000000000
0000000000000000000000000000000000000



