0000000000000000000000000000000000000000000000
0000000000000000000000000000000000000000000000
0000000000000000000000000000000000000000000000
0000000000100000000000000000000000000000000000
0000000000111000000011000000000000000000000000
0000000000000100000010000000000000000000000000
0000000000001100001010000000000000000000000000
0000000000000000001100000000000000000000000000
0000000000000000000000000000000000000000000000
0000000000000011100000000000000000000000000000
0000000000000011100000000000000000000000000000
0000000000011000000000000000000000000000000000
0000000000101000011000000000000000000000000000
0000000000100000010000000000000000000000000000
0000000001100000001110000000000000000000000000
0000000000000000000010000000000000000000000000
0000000000000000000000000000000000000000000000
0000000000000000000000000000000000000000000000
0000000000000000000000000000000000000000000000

